1844
1844
1967
1967
1986
1986
2049
2104
2215
2410
2744
2744
3423
3431
3447
4203
4228
4687
4687
4891
4891
5073
5073
5108
5188
5188
5414
5831
5831
5855
5855
6196
6214
6924
7639
7668
8003
8302
8303
8914
8916
9016
9101
9411
9425
9646
9665
9667
9667
10278
10350
10393
10395
10395
10405
10611
10611
10827
10975
10976
11018
11033
11050
11071
11071
11107
11122
11270
11288
11342
11393
11458
11461
11469
11550
11609
11643
11652
11656
11690
11752
11752
11787
12006
12007
12103
12216
12218
12274
12294
12321
12373
12389
12412
12412
12416
12438
12439
12471
12560
12585
12598
12610
12621
12631
12642
12664
12667
12667
12740
12767
12769
12804
12864
12894
12905
12986
12992
12993
