103
480
799
894
895
903
904
905
910
911
912
913
914
970
1019
1082
1083
1084
1085
1086
1087
1088
1089
1091
1144
1427
1470
1523
1609
1610
1662
1674
1679
1714
1719
1728
1749
1766
1767
1768
1828
1831
1844
1908
1917
1921
1967
1986
2049
2081
2093
2104
2112
2175
2215
2244
2309
2321
2355
2356
2393
2398
2410
2453
2484
2489
2497
2516
2539
2557
2562
2569
2588
2624
2704
2744
2773
2786
2954
3033
3075
3237
3420
3422
3423
3429
3431
3447
3449
3479
3845
3882
3941
4203
4216
4228
4325
4505
4575
4583
4592
4609
4629
4638
4640
4669
4680
4680
4687
4690
4715
4721
4790
4876
4891
4935
4954
4974
4982
4998
5007
5012
5049
5073
5104
5108
5120
5152
5183
5188
5189
5201
5230
5280
5286
5309
5312
5320
5379
5380
5405
5412
5414
5415
5451
5479
5508
5524
5713
5760
5831
5855
5900
5921
6040
6092
6104
6146
6146
6170
6196
6214
6236
6236
6286
6391
6391
6847
6924
6974
7017
7034
7034
7077
7077
7305
7311
7330
7392
7405
7406
7430
7444
7444
7445
7446
7447
7448
7449
7450
7451
7452
7453
7454
7455
7457
7457
7458
7458
7459
7585
7609
7639
7668
7686
7728
7730
7736
7753
7868
7899
7986
8003
8008
8093
8273
8291
8293
8302
8303
8373
8463
8507
8508
8604
8605
8624
8667
8711
8802
8809
8914
8916
8961
9016
9101
9113
9114
9179
9240
9242
9255
9261
9380
9381
9411
9419
9421
9425
9444
9480
9489
9609
9646
9657
9665
9667
9712
9730
9773
9815
9848
9901
10030
10059
10140
10274
10278
10339
10350
10393
10395
10395
10405
10444
10495
10535
10611
10611
10613
10645
10786
10827
10863
10909
10924
10975
10976
11018
11033
11050
11071
11107
11122
11124
11157
11224
11226
11226
11270
11277
11288
11295
11342
11352
11393
11458
11458
11459
11461
11469
11482
11498
11509
11510
11519
11522
11550
11609
11620
11620
11643
11652
11656
11690
11700
11701
11702
11703
11723
11726
11727
11728
11729
11733
11734
11735
11738
11740
11750
11750
11752
11787
11809
11827
11828
11829
11830
11873
11941
11951
11964
12006
12007
12093
12094
12095
12103
12107
12109
12116
12122
12126
12152
12177
12181
12182
12183
12187
12216
12218
12233
12274
12291
12294
12321
12373
12389
12404
12406
12412
12416
12421
12438
12439
12471
12514
12554
12555
12560
12564
12572
12585
12595
12598
12610
12611
12620
12621
12631
12642
12644
12664
12667
12667
12701
12719
12728
12740
12767
12769
12770
12784
12788
12798
12804
12808
12828
12829
12830
12831
12853
12854
12864
12871
12872
12873
12894
12901
12905
12953
12986
12992
12993
13023
